rho1 =

  -61.2746


rho2 =

   63.1888


0.2154
-0.5097
0.2999
-0.8591
-0.8725