buf =

   -5.2800   26.0000  -31.0000
   -5.3700   26.0000  -26.0000
   -5.3900   26.0000  -28.0000
   -5.4100   28.0000  -28.0000
   -5.5800   28.0000  -28.0000
   -5.5300   28.0000  -28.0000
   -5.6800   26.0000  -26.0000
   -5.4300   31.0000  -26.0000
   -5.3700   31.0000  -28.0000
   -5.2600   28.0000  -28.0000
   -5.2900   28.0000  -28.0000
   -5.2300   28.0000  -28.0000
   -5.0600   26.0000  -26.0000
   -4.9200   26.0000  -26.0000
   -4.7500   31.0000  -28.0000
   -4.9500   28.0000  -28.0000
   -4.7800   34.0000  -28.0000
   -4.8500   28.0000  -28.0000
   -4.8500   34.0000  -28.0000
   -4.9300   28.0000  -28.0000
   -5.3900   26.0000  -26.0000
   -5.3600   28.0000  -28.0000
   -5.5300   28.0000  -28.0000
   -5.5500   28.0000  -28.0000
   -5.6600   26.0000  -26.0000
   -5.9300   26.0000  -28.0000
   -6.0600   28.0000  -34.0000
   -6.0300   28.0000  -28.0000
   -5.8000   28.0000  -28.0000
   -5.8400   31.0000  -26.0000
   -5.6400   28.0000  -34.0000
   -5.6200   28.0000  -28.0000
   -5.6100   28.0000  -28.0000
   -5.5500   31.0000  -26.0000
   -5.6100   26.0000  -28.0000
   -5.7100   34.0000  -28.0000
   -5.9500   28.0000  -28.0000
   -5.8700   28.0000  -28.0000
   -5.9200   26.0000  -26.0000
   -6.0100   28.0000  -34.0000
   -6.1100   31.0000  -26.0000
   -6.0900   31.0000  -31.0000
   -6.3100   28.0000  -28.0000
   -6.5500   28.0000  -28.0000
   -6.5900   28.0000  -28.0000
   -6.9100   31.0000  -26.0000
   -7.1300   26.0000  -28.0000
   -7.2800   28.0000  -28.0000
   -7.3600   28.0000  -28.0000
   -7.5500   28.0000  -28.0000
   -7.5800   26.0000  -26.0000
   -7.5700   26.0000  -28.0000
   -7.6200   28.0000  -28.0000
   -7.5200   28.0000  -28.0000
   -7.5400   28.0000  -34.0000
   -7.2300   26.0000  -26.0000
   -7.2600   31.0000  -28.0000
   -6.9400   34.0000  -28.0000
   -6.6500   28.0000  -28.0000
   -6.4000   28.0000  -28.0000
   -6.0900   26.0000  -26.0000
   -5.9500   26.0000  -26.0000
   -5.7300   26.0000  -28.0000
   -5.4900   28.0000  -34.0000
   -5.4000   34.0000  -34.0000
   -5.1800   28.0000  -28.0000
   -5.1400   34.0000  -28.0000
   -5.2300   26.0000  -26.0000
   -5.3500   28.0000  -28.0000
   -5.4000   28.0000  -28.0000
   -5.4900   28.0000  -28.0000
   -7.4100   28.0000  -28.0000
   -8.1600   21.0000  -26.0000
   -8.3300   23.0000  -23.0000
   -8.3400   23.0000  -28.0000
   -8.4900   23.0000  -28.0000
   -9.2500   23.0000  -28.0000
  -11.3600   28.0000  -28.0000
  -13.4800   21.0000  -26.0000
  -16.3900   26.0000  -23.0000
  -19.8600   28.0000  -28.0000
  -23.1800   28.0000  -34.0000
  -25.4300   34.0000  -28.0000
  -27.6800   26.0000  -26.0000
  -30.8500   28.0000  -28.0000
  -33.8700   34.0000  -28.0000
  -38.4400   28.0000  -28.0000
  -42.3300   34.0000  -28.0000
  -46.3800   26.0000  -26.0000
  -51.0900   28.0000  -34.0000
  -55.6500   28.0000  -28.0000
  -55.6500   15.0000  -15.0000
  -58.5200    5.0000   -5.0000
  -58.1400   10.0000  -10.0000
  -58.2400   11.0000  -11.0000
  -58.1200    9.0000  -14.0000
  -57.8800   15.0000  -15.0000
  -57.7200   14.0000  -15.0000
  -57.5500   17.0000  -17.0000
  -57.2700   15.0000  -21.0000
  -57.1000   23.0000  -23.0000
  -57.0000   19.0000  -14.0000
  -56.8200   21.0000  -17.0000


rho1 =

   63.4852


rho2 =

  -64.6346

-0.2394
-0.5109
2.3407
-0.2644
0.5540
