buf =

    0.9600         0         0
    1.0600         0         0
    1.1200         0         0
    1.1400         0         0
    1.0600         0         0
    0.9600         0         0
    0.8300         0         0
    0.7200         0         0
    0.6200         0         0
    0.6000         0         0
    0.6100         0         0
    0.6700         0         0
    0.7600         0         0
    0.8100         0         0
    0.8600         0         0
    0.9400         0         0
    1.0200         0         0
    1.0700         0         0
    1.0800         0         0
    1.1100         0         0
    1.1400         0         0
    1.1500         0         0
    1.1300         0         0
    1.0600         0         0
    0.9100         0         0
    0.6500         0         0
    0.3400         0         0
   -0.0800         0         0
   -0.4900         0         0
   -0.8800         0         0
   -1.1400         0         0
   -1.5400         0         0
   -1.8800         0         0
   -2.2800         0         0
   -2.7300         0         0
   -3.2300         0         0
   -3.7900         0         0
   -4.4200         0         0
   -5.2000         0         0
   -6.0700         0         0
   -7.1300         0         0
   -8.5200         0         0
  -10.0400         0         0
  -11.6800         0         0
  -13.4100         0         0
  -15.5100         0         0
  -17.8800         0         0
  -20.7100         0         0
  -24.0200         0         0
  -27.9800         0         0
  -32.4800         0         0
  -37.0600         0         0
  -41.9600         0         0
  -47.6800         0         0
  -53.9900         0         0
  -57.7900         0         0
  -59.0600         0         0
  -58.6700         0         0
  -57.2600         0         0
  -56.4400         0         0
  -54.5000         0         0
  -54.9700         0         0
  -56.2100         0         0
  -57.9200         0         0
  -59.6300         0         0
  -61.2300         0         0
  -62.7800         0         0
  -64.2700         0         0
  -65.7000         0         0
  -67.1100         0         0
  -68.4200         0         0
  -69.6800         0         0
  -70.9000         0         0
  -72.0500         0         0
  -73.1500         0         0
  -74.2100         0         0
  -75.2100         0         0
  -76.1200         0         0
  -76.9600         0         0
  -77.7600         0         0
  -78.5400         0         0
  -79.2600         0         0
  -79.9700         0         0
  -80.6400         0         0
  -81.2800         0         0
  -81.8800         0         0
  -82.4400         0         0
  -82.9900         0         0
  -83.5200         0         0
  -83.9900         0         0
  -84.4700         0         0
  -84.9100         0         0
  -85.3300         0         0
  -85.7300         0         0
  -86.1100         0         0
  -86.4600         0         0
  -86.7900         0         0
  -87.1100         0         0
  -87.4000         0         0
  -87.6500         0         0
  -87.9100         0         0
  -88.1400         0         0
  -88.3500         0         0
  -88.5800         0         0
  -88.7500         0         0
  -88.9200         0         0
  -89.1100         0         0
  -89.2700         0         0
  -89.4200         0         0
  -89.5500         0         0
  -89.6700         0         0
  -89.7900         0         0
  -89.9000         0         0
  -90.0000         0         0
  -90.0800         0         0
  -90.1500         0         0
  -90.2200         0         0
  -90.3000         0         0
  -90.3600         0         0
  -90.4100         0         0
  -90.4600         0         0
  -90.5100         0         0
  -90.5300         0         0
  -90.5600         0         0
  -90.5700         0         0
  -90.5800         0         0
  -90.5900         0         0
  -90.5800         0         0
  -90.5800         0         0
  -90.5700         0         0
  -90.5700         0         0
  -90.5700         0         0
  -90.5600         0         0
  -90.5500         0         0
  -90.5200         0         0
  -90.4900         0         0
  -90.4800         0         0
  -90.4700         0         0
  -90.4600         0         0
  -90.4500         0         0
  -90.4100         0         0
  -90.3700         0         0
  -90.3200         0         0
  -90.2900         0         0
  -90.2700         0         0
  -90.2500         0         0
  -90.2000         0         0
  -90.1400         0         0
  -90.1100         0         0
  -90.0700         0         0
  -90.0200         0         0
  -89.9900         0         0
  -89.9400         0         0
  -89.8900         0         0
  -89.8500         0         0
  -89.8200         0         0
  -89.7600         0         0
  -89.7500         0         0
  -89.7100         0         0
  -89.6800         0         0
  -89.6400         0         0
  -89.6100         0         0
  -89.5700         0         0
  -89.5100         0         0
  -89.4800         0         0
  -89.4300         0         0
  -89.3900         0         0
  -89.3400         0         0
  -89.3300         0         0
  -89.3000         0         0
  -89.2500         0         0
  -89.2000         0         0
  -89.1700         0         0
  -89.1300         0         0
  -89.1000         0         0
  -89.0700         0         0
  -89.0400         0         0
  -89.0300         0         0
  -89.0000         0         0
  -88.9700         0         0
  -88.9300         0         0
  -88.9100         0         0
  -88.8900         0         0
  -88.8700         0         0
  -88.8500         0         0
  -88.8100         0         0
  -88.7800         0         0
  -88.7500         0         0
  -88.7200         0         0
  -88.6900         0         0
  -88.6600         0         0
  -88.6500         0         0
  -88.6300         0         0
  -88.6000         0         0
  -88.5800         0         0
  -88.5700         0         0
  -88.5600         0         0
  -88.5500         0         0
  -88.5300         0         0
  -88.5200         0         0
  -88.4800         0         0
  -88.4700         0         0
  -88.4300         0         0
  -88.4200         0         0
  -88.3900         0         0
  -88.3700         0         0
  -88.3600         0         0
  -88.3500         0         0
  -88.3200         0         0
  -88.3000         0         0
  -88.2700         0         0
  -88.2600         0         0
  -88.2300         0         0
  -88.2100         0         0
  -88.2000         0         0
  -88.1900         0         0
  -88.1900         0         0
  -88.1900         0         0
  -88.1900         0         0
  -88.1800         0         0
  -88.1800         0         0
  -88.1800         0         0
  -88.1700         0         0
  -88.1800         0         0
  -88.1600         0         0
  -88.1300         0         0
  -88.1100         0         0
  -88.1000         0         0
  -88.0900         0         0
  -88.0900         0         0
  -88.0800         0         0
  -88.0700         0         0
  -88.0600         0         0
  -88.0300         0         0
  -88.0200         0         0
  -88.0000         0         0
  -87.9900         0         0
  -87.9800         0         0
  -87.9700         0         0
  -87.9600         0         0
  -87.9700         0         0
  -87.9800         0         0
  -87.9500         0         0
  -87.9500         0         0
  -87.9500         0         0
  -87.9500         0         0
  -87.9700         0         0
  -88.0100         0         0
  -87.9800         0         0
  -87.9800         0         0

rho3 =

   13.1890


rho4 =

  -56.5394