

buf =

    2.3700         0         0
    2.3700         0         0
    2.3500         0         0
    2.3600         0         0
    2.3500         0         0
    2.3400         0         0
    2.3600         0         0
    2.3900         0         0
    2.4000         0         0
    2.3800         0         0
    2.3800         0         0
    2.3900         0         0
    2.4100         0         0
    2.4400         0         0
    2.4900         0         0
    2.5000         0         0
    2.4800         0         0
    2.4800         0         0
    2.4700         0         0
    2.4500         0         0
    2.4300         0         0
    2.4000         0         0
    2.3800         0         0
    2.3800         0         0
    2.4300         0         0
    2.3500         0         0
    2.1700         0         0
    1.7900         0         0
    1.2300         0         0
    0.5700         0         0
   -0.1400         0         0
   -0.8800         0         0
   -1.6100         0         0
   -2.3800         0         0
   -3.2000         0         0
   -4.0900         0         0
   -5.1100         0         0
   -6.3400         0         0
   -7.8000         0         0
   -9.4100         0         0
  -11.2300         0         0
  -13.0900         0         0
  -15.3500         0         0
  -17.8300         0         0
  -20.6800         0         0
  -24.0600         0         0
  -28.0100         0         0
  -32.4700         0         0
  -37.0300         0         0
  -42.0700         0         0
  -47.9000         0         0
  -54.1100         0         0
  -58.4700         0         0
  -58.5000         0         0
  -58.2500         0         0
  -58.2000         0         0
  -58.1500         0         0
  -58.1100         0         0
  -58.0700         0         0
  -58.0200         0         0
  -57.9800         0         0
  -57.9400         0         0
  -57.9000         0         0
  -57.8600         0         0
  -57.8100         0         0
  -57.7700         0         0
  -57.7400         0         0
  -57.6900         0         0
  -57.6700         0         0
  -57.6400         0         0
  -57.6100         0         0
  -57.5800         0         0
  -57.5400         0         0
  -57.5300         0         0
  -57.5100         0         0
  -57.4800         0         0
  -57.4500         0         0
  -57.4400         0         0
  -57.4200         0         0
  -57.4100         0         0
  -57.3900         0         0
  -57.3800         0         0
  -57.3800         0         0
  -57.3700         0         0
  -57.3600         0         0
  -57.3500         0         0
  -57.3600         0         0
  -57.3500         0         0
  -57.3500         0         0
  -57.3400         0         0
  -57.3500         0         0
  -57.3600         0         0
  -57.3600         0         0
  -57.3600         0         0
  -57.3700         0         0
  -57.3800         0         0
  -57.3900         0         0
  -57.4000         0         0
  -57.4200         0         0
  -57.4300         0         0
  -57.4500         0         0
  -57.4600         0         0
  -57.4600         0         0
  -57.4900         0         0
  -57.5300         0         0
  -57.5500         0         0
  -57.5700         0         0
  -57.5900         0         0
  -57.6200         0         0
  -57.6400         0         0
  -57.6400         0         0
  -57.6500         0         0
  -57.6500         0         0
  -57.6700         0         0
  -57.6800         0         0
  -57.7000         0         0
  -57.7100         0         0
  -57.7200         0         0
  -57.7200         0         0
  -57.7200         0         0
  -57.7700         0         0
  -57.7700         0         0
  -57.7600         0         0
  -57.7700         0         0
  -57.8000         0         0
  -57.8100         0         0
  -57.8000         0         0
  -57.8200         0         0
  -57.8200         0         0
  -57.8200         0         0
  -57.8600         0         0
  -57.8700         0         0
  -57.8800         0         0
  -57.9000         0         0
  -57.9000         0         0
  -57.9000         0         0
  -57.9100         0         0
  -57.9300         0         0
  -57.9400         0         0
  -57.9500         0         0
  -57.9600         0         0
  -57.9600         0         0
  -57.9800         0         0
  -57.9800         0         0
  -57.9700         0         0
  -57.9900         0         0
  -57.9900         0         0
  -58.0100         0         0
  -58.0300         0         0
  -58.0500         0         0
  -58.0600         0         0
  -58.0500         0         0
  -58.0600         0         0
  -58.0700         0         0
  -58.0800         0         0
  -58.0700         0         0
  -58.0500         0         0
  -58.0500         0         0
  -58.0600         0         0
  -58.0600         0         0
  -58.0700         0         0
  -58.0800         0         0
  -58.1000         0         0
  -58.1100         0         0
  -58.1000         0         0
  -58.0900         0         0
  -58.1000         0         0
  -58.1300         0         0
  -58.1500         0         0
  -58.1400         0         0
  -58.1600         0         0
  -58.1600         0         0
  -58.1500         0         0
  -58.1700         0         0
  -58.1600         0         0
  -58.1400         0         0
  -58.1300         0         0
  -58.1600         0         0
  -58.1600         0         0
  -58.1500         0         0
  -58.1500         0         0
  -58.1300         0         0
  -58.1500         0         0
  -58.1800         0         0
  -58.1800         0         0
  -58.1700         0         0
  -58.1800         0         0
  -58.1900         0         0
  -58.1800         0         0
  -58.1700         0         0
  -58.1500         0         0
  -58.1400         0         0
  -58.1300         0         0
  -58.1300         0         0
  -58.1400         0         0
  -58.1200         0         0
  -58.1300         0         0
  -58.1500         0         0
  -58.1500         0         0
  -58.1700         0         0
  -58.1800         0         0
  -58.1800         0         0
  -58.1900         0         0
  -58.1800         0         0
  -58.1900         0         0
  -58.2000         0         0
  -58.1900         0         0
  -58.2000         0         0
  -58.1900         0         0
  -58.1900         0         0
  -58.1800         0         0
  -58.1800         0         0
  -58.1700         0         0
  -58.1800         0         0
  -58.2000         0         0
  -58.2000         0         0
  -58.2000         0         0
  -58.1900         0         0
  -58.2000         0         0
  -58.2100         0         0
  -58.2000         0         0
  -58.2000         0         0
  -58.2000         0         0
  -58.2100         0         0
  -58.2100         0         0
  -58.2100         0         0
  -58.2100         0         0
  -58.2100         0         0
  -58.2100         0         0
  -58.2200         0         0
  -58.2200         0         0
  -58.2100         0         0
  -58.1900         0         0
  -58.2000         0         0
  -58.1700         0         0
  -58.1700         0         0
  -58.1700         0         0
  -58.1600         0         0
  -58.1600         0         0
  -58.1500         0         0
  -58.1500         0         0
  -58.1500         0         0
  -58.1500         0         0
  -58.1500         0         0
  -58.1500         0         0
  -58.1500         0         0
  -58.1600         0         0
  -58.1500         0         0
  -58.1400         0         0
  -58.1500         0         0

rho3 =

   14.2670


rho4 =

  -84.1624