buf =

         0         0         0
    1.3700         0         0
    1.4600         0         0
    1.4900         0         0
    1.4700         0         0
    1.4500         0         0
    1.4400         0         0
    1.4100         0         0
    1.3300         0         0
    1.2500         0         0
    1.2300         0         0
    1.2800         0         0
    1.3300         0         0
    1.3900         0         0
    1.4600         0         0
    1.5600         0         0
    1.6600         0         0
    1.6200         0         0
    1.5800         0         0
    1.5000         0         0
    1.3800         0         0
    1.3600         0         0
    1.3700         0         0
    1.3300         0         0
    1.3100         0         0
    1.0900         0         0
    0.6200         0         0
   -0.1600         0         0
   -1.2500         0         0
   -2.5800         0         0
   -4.1600         0         0
   -6.0600         0         0
   -7.7200         0         0
   -9.5800         0         0
  -11.8800         0         0
  -14.9800         0         0
  -18.1400         0         0
  -20.3200         0         0
  -23.7500         0         0
  -27.3000         0         0
  -31.5700         0         0
  -36.1200         0         0
  -40.8200         0         0
  -45.7500         0         0
  -51.5300         0         0
  -57.6500         0         0
  -61.2600         0         0
  -61.0900         0         0
  -58.3300         0         0
  -56.5400         0         0
  -53.2700         0         0
  -50.7500         0         0
  -50.8600         0         0
  -52.5700         0         0
  -54.2600         0         0
  -56.0600         0         0
  -57.8600         0         0
  -59.4700         0         0
  -61.1200         0         0
  -62.7100         0         0
  -64.2100         0         0
  -65.7000         0         0
  -67.1000         0         0
  -68.4800         0         0
  -69.8100         0         0
  -71.0600         0         0
  -72.2700         0         0
  -73.4700         0         0
  -74.5800         0         0
  -75.6600         0         0
  -76.6700         0         0
  -77.6400         0         0
  -78.5900         0         0
  -79.5000         0         0
  -80.3500         0         0
  -81.1800         0         0
  -81.9600         0         0
  -82.7200         0         0
  -83.4100         0         0
  -84.0800         0         0
  -84.7400         0         0
  -85.3400         0         0
  -85.8400         0         0
  -86.3000         0         0
  -86.7100         0         0
  -87.0900         0         0
  -87.4800         0         0
  -87.8400         0         0
  -88.1600         0         0
  -88.4500         0         0
  -88.7400         0         0
  -89.0100         0         0
  -89.2700         0         0
  -89.4900         0         0
  -89.7200         0         0
  -89.9200         0         0
  -90.1100         0         0
  -90.2800         0         0
  -90.4300         0         0
  -90.5700         0         0
  -90.7000         0         0
  -90.8300         0         0
  -90.9400         0         0
  -91.0500         0         0
  -91.1600         0         0
  -91.2200         0         0
  -91.3000         0         0
  -91.3700         0         0
  -91.4500         0         0
  -91.5200         0         0
  -91.5600         0         0
  -91.6100         0         0
  -91.6300         0         0
  -91.6600         0         0
  -91.6800         0         0
  -91.7000         0         0
  -91.7000         0         0
  -91.7000         0         0
  -91.7100         0         0
  -91.7100         0         0
  -91.7100         0         0
  -91.7000         0         0
  -91.6900         0         0
  -91.6600         0         0
  -91.6300         0         0
  -91.6000         0         0
  -91.5700         0         0
  -91.5300         0         0
  -91.4800         0         0
  -91.4400         0         0
  -91.3800         0         0
  -91.3500         0         0
  -91.2800         0         0
  -91.2400         0         0
  -91.1700         0         0
  -91.1200         0         0
  -91.0700         0         0
  -91.0000         0         0
  -90.9700         0         0
  -90.9000         0         0
  -90.8400         0         0
  -90.8000         0         0
  -90.7600         0         0
  -90.6900         0         0
  -90.6600         0         0
  -90.6200         0         0
  -90.5500         0         0
  -90.5000         0         0
  -90.4600         0         0
  -90.4100         0         0
  -90.3700         0         0
  -90.3200         0         0
  -90.2800         0         0
  -90.2400         0         0
  -90.2100         0         0
  -90.1600         0         0
  -90.1300         0         0
  -90.0900         0         0
  -90.0500         0         0
  -90.0100         0         0
  -89.9700         0         0
  -89.9200         0         0
  -89.9000         0         0
  -89.8700         0         0
  -89.8300         0         0
  -89.7800         0         0
  -89.7500         0         0
  -89.7000         0         0
  -89.6700         0         0
  -89.6300         0         0
  -89.5800         0         0
  -89.5600         0         0
  -89.5400         0         0
  -89.5200         0         0
  -89.4600         0         0
  -89.4300         0         0
  -89.4000         0         0
  -89.3400         0         0
  -89.3100         0         0
  -89.2700         0         0
  -89.2400         0         0
  -89.2100         0         0
  -89.1800         0         0
  -89.1600         0         0
  -89.1300         0         0
  -89.0900         0         0
  -89.0800         0         0
  -89.0600         0         0
  -89.0500         0         0
  -89.0500         0         0
  -89.0200         0         0
  -89.0200         0         0
  -88.9900         0         0
  -88.9900         0         0
  -88.9500         0         0
  -88.9400         0         0
  -88.9100         0         0
  -88.8700         0         0
  -88.8500         0         0
  -88.8300         0         0
  -88.8100         0         0
  -88.8000         0         0
  -88.8000         0         0
  -88.8000         0         0
  -88.8000         0         0
  -88.7900         0         0
  -88.7400         0         0
  -88.7400         0         0
  -88.7300         0         0
  -88.7200         0         0
  -88.7200         0         0
  -88.6900         0         0
  -88.6900         0         0
  -88.6700         0         0
  -88.6600         0         0
  -88.6400         0         0
  -88.6300         0         0
  -88.6200         0         0
  -88.6200         0         0
  -88.6200         0         0
  -88.6000         0         0
  -88.5800         0         0
  -88.5600         0         0
  -88.5500         0         0
  -88.5400         0         0
  -88.5300         0         0
  -88.5100         0         0
  -88.5100         0         0
  -88.4900         0         0
  -88.4800         0         0
  -88.4700         0         0
  -88.4600         0         0
  -88.4700         0         0
  -88.4600         0         0
  -88.4700         0         0
  -88.4700         0         0
  -88.4600         0         0
  -88.4500         0         0
  -88.4500         0         0
  -88.4500         0         0
  -88.4500         0         0
  -88.4400         0         0
  -88.4400         0         0
  -88.4300         0         0
  -88.4300         0         0
  -88.4400         0         0
  -88.4400         0         0
  -88.4400         0         0
  -88.4200         0         0
  -88.4300         0         0


rho3 =

    9.8630   12.03945


rho4 =

  -47.3618   56.5394