buf =

         0         0         0
    3.3000         0         0
    3.1600         0         0
    2.9600         0         0
    2.7500         0         0
    2.5500         0         0
    2.3900         0         0
    2.2500         0         0
    2.1500         0         0
    2.0800         0         0
    2.0300         0         0
    1.9900         0         0
    1.9600         0         0
    1.9600         0         0
    1.9800         0         0
    2.0100         0         0
    2.0600         0         0
    2.1200         0         0
    2.2300         0         0
    2.3100         0         0
    2.3600         0         0
    2.3400         0         0
    2.2500         0         0
    2.0200         0         0
    1.6400         0         0
    1.1100         0         0
    0.5000         0         0
   -0.2000         0         0
   -0.9800         0         0
   -1.9600         0         0
   -3.0800         0         0
   -4.5100         0         0
   -6.3100         0         0
   -8.7200         0         0
  -11.6200         0         0
  -14.0100         0         0
  -16.4200         0         0
  -19.2100         0         0
  -22.2300         0         0
  -25.8100         0         0
  -29.9700         0         0
  -34.6900         0         0
  -39.4400         0         0
  -44.3300         0         0
  -49.8400         0         0
  -56.0600         0         0
  -60.0100         0         0
  -60.3300    5.0000         0
  -55.5300         0         0
  -53.2000         0         0
  -52.0100         0         0
  -49.2700         0         0
  -49.5400         0         0
  -51.6000         0         0
  -53.2500         0         0
  -55.1600         0         0
  -57.1600         0         0
  -58.8300         0         0
  -60.6300         0         0
  -62.3900         0         0
  -64.0000         0         0
  -65.6400         0         0
  -67.1600         0         0
  -68.6300         0         0
  -70.0800         0         0
  -71.4500         0         0
  -72.7800         0         0
  -74.0500         0         0
  -75.2700         0         0
  -76.3300         0         0
  -77.3600         0         0
  -78.3600         0         0
  -79.3200         0         0
  -80.2200         0         0
  -81.0700         0         0
  -81.9000         0         0
  -82.6800         0         0
  -83.4100         0         0
  -84.1300         0         0
  -84.8200         0         0
  -85.4500         0         0
  -86.0500         0         0
  -86.6300         0         0
  -87.1900         0         0
  -87.7200         0         0
  -88.2000         0         0
  -88.6700         0         0
  -89.0900         0         0
  -89.5100         0         0
  -89.9000         0         0
  -90.2500         0         0
  -90.6100         0         0
  -90.9200         0         0
  -91.2100         0         0
  -91.4800         0         0
  -91.7400         0         0
  -91.9700         0         0
  -92.1900         0         0
  -92.3700         0         0
  -92.5600         0         0
  -92.7400         0         0
  -92.9100         0         0
  -93.0600         0         0
  -93.2000         0         0
  -93.3200         0         0
  -93.4300         0         0
  -93.5300         0         0
  -93.6300         0         0
  -93.6900         0         0
  -93.7700         0         0
  -93.8400         0         0
  -93.9000         0         0
  -93.9400         0         0
  -93.9800         0         0
  -94.0000         0         0
  -94.0000         0         0
  -94.0100         0         0
  -94.0000         0         0
  -94.0400         0         0
  -94.0300         0         0
  -94.0100         0         0
  -94.0000         0         0
  -93.9600         0         0
  -93.9600         0         0
  -93.9300         0         0
  -93.9000         0         0
  -93.8800         0         0
  -93.8400         0         0
  -93.7900         0         0
  -93.7500         0         0
  -93.7100         0         0
  -93.6500         0         0
  -93.6000         0         0
  -93.5500         0         0
  -93.5000         0         0
  -93.4600         0         0
  -93.3900         0         0
  -93.3500         0         0
  -93.3000         0         0
  -93.2300         0         0
  -93.1800         0         0
  -93.1200         0         0
  -93.0700         0         0
  -93.0100         0         0
  -92.9600         0         0
  -92.9000         0         0
  -92.8500         0         0
  -92.7900         0         0
  -92.7200         0         0
  -92.6700         0         0
  -92.6100         0         0
  -92.5400         0         0
  -92.4800         0         0
  -92.4200         0         0
  -92.3600         0         0
  -92.3100         0         0
  -92.2500         0         0
  -92.2100         0         0
  -92.1500         0         0
  -92.0800         0         0
  -92.0400         0         0
  -91.9900         0         0
  -91.9400         0         0
  -91.8800         0         0
  -91.8400         0         0
  -91.7800         0         0
  -91.7400         0         0
  -91.6900         0         0
  -91.6500         0         0
  -91.6100         0         0
  -91.5600         0         0
  -91.5200         0         0
  -91.4700         0         0
  -91.4200         0         0
  -91.4000         0         0
  -91.3700         0         0
  -91.3200         0         0
  -91.3000         0         0
  -91.2700         0         0
  -91.2300         0         0
  -91.2100         0         0
  -91.1800         0         0
  -91.1400         0         0
  -91.0800         0         0
  -91.0500         0         0
  -91.0300         0         0
  -91.0200         0         0
  -90.9900         0         0
  -90.9500         0         0
  -90.9200         0         0
  -90.8800         0         0
  -90.8400         0         0
  -90.8100         0         0
  -90.8000         0         0
  -90.7800         0         0
  -90.7700         0         0
  -90.7500         0         0
  -90.7200         0         0
  -90.6800         0         0
  -90.6600         0         0
  -90.6400         0         0
  -90.6200         0         0
  -90.6100         0         0
  -90.5800         0         0
  -90.5600         0         0
  -90.5600         0         0
  -90.5500         0         0
  -90.5300         0         0
  -90.5000         0         0
  -90.4700         0         0
  -90.4800         0         0
  -90.4700         0         0
  -90.4700         0         0
  -90.4600         0         0
  -90.4300         0         0
  -90.4200         0         0
  -90.3900         0         0
  -90.3900         0         0
  -90.4000         0         0
  -90.3900         0         0
  -90.4000         0         0
  -90.3700         0         0
  -90.3700         0         0
  -90.3700         0         0
  -90.3600         0         0
  -90.3700         0         0
  -90.3600         0         0
  -90.3400         0         0
  -90.3200         0         0
  -90.3200         0         0
  -90.3100         0         0
  -90.3200         0         0
  -90.3200         0         0
  -90.3000         0         0
  -90.3100         0         0
  -90.3000         0         0
  -90.3200         0         0
  -90.3000         0         0
  -90.3000         0         0
  -90.2900         0         0
  -90.2800         0         0
  -90.2700         0         0
  -90.2700         0         0
  -90.2600         0         0
  -90.2500         0         0
  -90.2400         0         0
  -90.2400         0         0
  -90.2400         0         0
  -90.2400         0         0
  -90.2200         0         0

rho3 =

   15.3761


rho4 =

 -115.4049