rho =

    1.9781   -1.1243   -4.6249   -0.2891    0.0992   -2.7522


sigma =

   -0.1413    1.0676   -0.2733    0.8979   -2.4829    0.1470  V=50


rho =

    1.0851   -3.1787   -2.1526    1.6782   -6.2248   -2.1259


sigma =

   -1.3124    3.9362    2.6107    3.9005   -0.7185   -2.8947   V=75


rho =

   -0.6044   -1.1243   -0.3522   -0.2891    0.0992   -0.4221


sigma =

    0.2074   -0.8555    0.3838    0.8979   -2.4829   -0.5088	v=100


///改nomotor的peak


rho =

    3.2646   -2.0289    4.0330    1.0622   -4.9517    4.5113


sigma =

    0.5916    0.4546   -1.9199   -1.0901   -6.2505    1.9823

rho =

    0.8316   -2.0289   -2.0275    1.0622   -4.9517   -1.9513


sigma =

   -1.1713    5.6439   -1.4238   -1.0901   -6.2505    1.4220

rho =

   -0.5692   -2.0289    0.3166    1.0622   -4.9517    0.2998


sigma =

    0.5829   -1.3772   -0.0474   -1.0901   -6.2505   -0.0392


// 之前測試



V=100
rho =

   -0.5692   -1.2472    0.3166    0.7463   -4.1665    0.2998


sigma =

    0.2407   -0.8437    0.6369    2.6313   -2.9125   -0.8103

